[Camera]
PosX=-0.240983188
PosY=6.91799545
PosZ=-10
RotX=1.62315738
RotY=0.357792586
FOV=45.0000000
